7 36 22 1628157676000
7 20 10 1627659367000
7 37 32 1628205455000
7 44 32 1628262796000
7 47 10 1628278736000
7 32 22 1628116463000
8 44 32 1628262796000
8 45 32 1628263167000
8 46 22 1628270272000
8 47 32 1628278736000
8 32 22 1628116463000
8 48 10 1628290126000
10 18 22 1627658307000
10 20 32 1627659367000
10 36 22 1628157676000
10 37 32 1628205455000
10 46 10 1628270272000
10 31 32 1627771949000
10 48 32 1628290126000
13 19 22 1627658976000
13 20 32 1627659367000
13 31 22 1627771949000
13 32 32 1628116463000
14 37 22 1628205455000
